0 0.03
1 0.08
2 0.21
3 0.05
4 0.11
5 0.23
6 0.29
7 0.08
8 0.26
9 0.31
10 0.3
11 0.1
12 0.08
13 0.12
14 0.36
15 0.35
16 0.03
17 0.33
18 0.13
19 0.29
20 0.15
21 0.27
22 0.07
23 0
24 0.34
25 0.08
26 0.35
27 0.23
28 0.34
29 0.1
30 0
31 0.09
32 0.08
33 0.21
34 0.04
35 0.03
36 0.09
37 0.05
38 0
39 0.1
40 0.15
41 0.17
42 0.18
43 0.46
44 0.17
45 0.04
46 0.02
47 0.12
48 0.11
49 0.04
50 0.59
51 0.07
52 0.14
53 0.15
54 0.05
55 0.06
56 0.23
57 0.05
58 0.12
59 0.15
60 0.36
61 0
62 0.02
63 0.26
64 0.13
65 0.19
66 0.03
67 0.21
68 0.08
69 0.43
70 0.04
71 0.05
72 0.02
73 0.05
74 0.31
75 0.07
76 0.04
77 0.03
78 0.36
79 0.34
80 0.07
81 0.23
82 0.11
83 0.11
84 0.04
85 0.25
86 0.43
87 0.01
88 0.11
89 0.12
90 0.42
91 0.25
92 0
93 0.14
94 0.02
95 0.43
96 0.2
97 0.11
98 0.24
99 0.1
100 0.07
101 0.05
102 0.35
103 0.17
104 0.14
105 0.19
106 0.15
107 0.26
108 0.26
109 0.07
110 0
111 0.26
112 0.28
113 0.15
114 0.07
115 0.08
116 0
117 0.11
118 0.42
119 0.27
120 0.06
121 0.07
122 0.12
123 0.04
124 0.17
125 0.34
126 0
127 0.2
128 0.21
129 0.25
130 0.18
131 0.08
132 0.03
133 0.32
134 0.02
135 0.12
136 0.31
137 0.15
138 0.32
139 0.17
140 0.08
141 0.28
142 0.05
143 0.07
144 0.06
145 0
146 0.4
147 0
148 0.02
149 0.13
150 0.17
151 0.08
152 0.23
153 0.08
154 0.09
155 0.11
156 0.06
157 0.11
159 0.42
160 0.16
161 0.17
162 0.18
163 0.33
164 0.16
165 0.08
166 0.02
167 0.36
168 0.31
169 0.1
170 0.24
171 0
172 0.34
173 0.16
174 0.09
175 0.08
176 0.1
177 0.31
178 0.15
179 0.06
180 0.31
181 0.13
182 0.09
183 0.04
184 0.12
185 0.1
186 0.15
187 0.35
188 0.25
189 0.19
190 0.1
191 0.09
192 0.05
193 0.08
194 0
195 0.04
196 0.2
197 0.21
198 0.17
199 0.78
200 0.08
201 0.09
202 0.06
203 0.37
204 0.35
205 0.17
206 0.51
207 0
208 0.37
209 0.05
210 0.42
211 0
212 0.05
213 0.06
214 0.06
215 0.09
216 0
217 0.14
218 0.04
219 0.08
220 0
221 0.09
222 0.44
223 0
224 0.13
225 0.1
226 0.19
227 0.18
228 0.16
229 0
230 0.1
231 0.17
232 0.08
233 0.23
234 0.04
235 0.4
236 0.1
237 0.33
238 0.13
239 0.08
240 0.21
241 0.06
242 0.07
243 0.07
244 0.09
245 0.13
246 0
247 0.19
248 0.11
249 0.19
250 0.35
251 0.16
252 0.16
253 0.21
254 0.27
255 0.15
256 0.11
257 0.31
258 0.15
259 0.08
260 0.1
261 0.55
262 0.05
263 0.09
264 0.08
265 0
266 0.12
267 0.04
268 0.25
269 0.05
270 0.12
271 0.18
272 0.07
273 0.03
274 0.28
275 0.21
276 0.36
277 0.13
278 0.08
279 0.22
280 0.12
281 0.05
282 0.3
283 0.02
284 0.15
285 0.05
286 0.23
287 0
288 0.56
289 0.01
290 0.14
291 0.04
292 0.15
293 0.55
294 0.06
295 0.14
296 0.05
297 0.12
298 0.18
299 0.3
300 0.04
301 0.15
302 0.08
303 0.29
304 0.1
305 0.33
306 0.22
307 0.21
308 0.12
309 0.07
310 0.06
311 0.01
312 0.27
313 0.13
314 0.13
315 0.02
316 0.08
317 0.04
318 0.06
319 0.13
320 0.2
321 0.1
322 0.25
323 0.31
324 0.04
325 0.08
326 0.13
327 0.16
328 0.41
329 0.29
330 0.28
331 0.09
332 0.16
333 0.06
334 0.12
335 0.07
336 0.19
337 0.05
338 0.14
339 0.11
340 0.3
341 0.08
342 0.16
343 0.12
344 0.31
346 0.28
347 0.45
348 0
349 0.38
350 0.25
351 0.06
352 0.1
353 0.05
354 0.31
355 0.26
356 0.18
357 0.25
358 0.09
359 0.07
360 0.12
361 0.04
362 0.3
363 0.22
364 0.04
365 0.23
366 0.1
367 0.21
368 0.18
369 0.09
370 0.31
371 0.17
372 0.23
373 0.07
374 0.09
375 0.32
376 0.17
377 0.03
378 0.13
379 0.15
380 0
381 0.28
382 0.2
383 0.31
384 0.16
385 0.09
386 0.07
387 0.29
388 0.03
389 0.14
390 0.15
391 0.11
392 0.21
393 0.19
394 0.2
395 0.39
396 0.01
397 0.19
398 0.13
399 0
400 0.1
401 0.1
402 0.03
403 0.35
404 0.34
405 0.32
406 0.31
407 0.09
408 0.16
409 0.11
410 0.47
411 0.01
412 0.29
413 0.26
414 0.21
415 0.25
416 0.02
417 0.24
418 0.16
419 0.22
420 0.04
421 0.21
422 0.1
423 0.17
424 0.33
425 0
426 0.05
427 0.27
428 0.05
429 0.08
430 0.38
431 0.12
432 0.07
433 0.09
434 0.39
435 0.41
436 0.58
437 0.24
438 0.14
439 0.06
440 0.1
441 0.06
442 0
443 0.15
444 0.17
445 0.31
446 0.3
447 0.27
448 0.16
449 0.01
450 0
451 0.26
452 0
453 0.14
454 0.16
455 0.32
456 0.12
457 0.09
458 0.09
459 0.09
460 0.12
461 0
462 0.07
463 0.19
464 0.38
465 0.2
466 0.5
467 0.17
468 0.27
469 0.34
470 0.09
471 0.21
472 0.24
473 0.11
474 0.06
475 0.19
476 0.18
477 0
478 0.01
479 0
480 0.09
481 0.26
482 0.03
483 0.04
484 0.16
485 0.25
486 0.01
487 0.15
488 0.16
489 0.08
490 0.15
491 0.08
492 0
493 0.1
494 0.04
495 0.07
496 0.13
497 0.26
498 0.07
499 0.22
500 0
501 0.28
502 0.04
503 0.06
504 0.08
505 0.13
506 0.3
507 0.15
508 0.24
509 0.19
510 0.31
511 0.32
512 0.28
513 0.02
514 0.16
515 0.37
516 0
517 0
518 0.12
519 0.35
520 0.15
521 0
522 0.2
523 0.28
524 0.23
525 0.1
526 0.04
527 0.14
528 0.38
529 0.02
530 0
531 0.69
532 0.1
533 0.02
534 0.08
535 0.3
536 0.04
537 0.03
538 0.01
539 0.28
540 0.01
541 0.21
542 0.25
543 0.14
544 0.07
545 0.05
546 0.21
547 0.41
548 0.1
549 0.02
550 0
551 0.01
552 0.06
553 0.09
554 0.03
555 0.18
556 0
557 0.06
558 0.28
559 0.11
560 0.01
561 0.62
562 0.2
563 0
564 0.08
565 0.13
566 0.09
567 0.15
568 0
569 0.12
570 0.18
571 0.02
572 0.42
573 0.11
574 0.14
575 0.05
576 0.35
577 0.14
578 0.01
579 0.23
580 0.02
581 0.29
582 0.06
583 0.32
584 0.08
585 0.18
586 0.16
587 0.14
588 0.02
589 0.17
590 0.07
591 0.59
592 0.1
593 0.14
594 0.05
595 0.06
596 0.06
597 0.06
598 0.12
599 0.87
600 0.06
601 0.12
602 0.08
603 0.13
604 0
605 0.18
606 0.33
607 0
608 0.11
609 0.29
610 0.62
611 0.83
612 0.01
613 0.51
614 0.19
615 0.21
616 0.09
617 0.05
618 0.13
619 0.12
620 0.04
621 0.09
622 0.51
623 0
624 0.27
625 0.07
626 0.23
627 0.13
628 0.16
629 0.04
630 0.08
631 0
632 0.32
633 0.39
634 0.19
635 0.07
636 0.34
637 0.09
638 0.18
639 0.17
640 0.02
641 0.22
642 0.26
643 0.13
644 0.16
645 0.18
646 0
647 0.11
648 0.18
649 0.15
650 0
651 0.21
652 0.39
653 0.18
654 0.23
655 0.06
656 0.04
657 0.13
658 0.17
659 0.12
660 0.15
661 0.1
662 0.07
663 0.17
664 0.38
665 0.24
666 0.01
667 0.13
668 0.09
669 0.17
670 0.43
671 0.3
672 0.12
673 0.18
674 0.15
675 0
676 0.04
677 0.04
678 0.07
679 0.06
680 0.06
681 0.12
682 0.16
683 0
684 0.12
685 0.06
686 0.13
687 0.06
688 0.15
689 0.27
690 0.39
691 0.14
692 0.07
693 0.08
694 0.3
695 0.04
696 0.4
697 0
698 0.08
699 0.06
700 0.43
701 0.03
702 0.28
703 0.04
704 0.2
705 0.01
706 0.34
707 0.12
708 0.1
709 0.08
710 0.13
711 0.24
712 0.16
713 0.48
714 0.18
715 0.09
716 0.03
717 0.12
718 0.15
719 0.03
720 0.11
721 0.11
722 0.18
723 0.06
724 0.13
725 0.03
726 0.11
727 0.38
728 0.1
729 0.21
730 0.45
731 0.12
732 0.17
733 0.06
734 0.63
735 0.33
736 0.11
737 0.43
738 0.13
739 0.03
740 0.18
741 0.04
742 0.07
743 0.22
744 0.03
745 0.07
746 0.17
747 0.26
748 0.21
749 0.16
750 0.09
751 0.22
752 0.09
753 0.29
754 0.35
755 0.25
756 0.3
757 0.07
758 0.1
759 0.37
760 0.64
761 0.06
762 0.16
763 0.06
764 0.11
765 0
766 0.37
767 0.04
768 0.17
769 0.16
770 0.27
771 0.23
772 0.11
773 0.34
774 0.24
775 0.04
776 0.09
777 0.1
778 0.67
779 0
780 0.12
781 0.51
782 0.25
783 0.09
784 0.2
785 0.21
786 0.02
787 0.02
788 0.11
789 0.26
790 0.06
791 0.05
792 0.07
793 0.28
794 0.17
795 0.29
796 0.02
797 0.05
798 0.32
799 0.27
800 0.09
801 0.17
802 0.06
803 0.37
804 0.13
805 0.27
806 0.04
807 0.31
808 0.01
809 0.32
810 0
811 0.1
812 0.01
813 0.13
814 0.08
815 0.26
816 0.11
817 0.04
818 0.16
819 0.07
820 0.09
821 0.2
822 0.1
823 0.28
824 0.07
825 0.23
826 0.14
827 0.2
828 0.03
829 0.09
830 0.08
831 0.17
832 0.06
833 0.33
834 0.05
835 0.11
836 0
837 0
838 0.25
839 0.43
840 0.18
841 0.15
842 0.21
843 0.15
844 0.2
845 0.11
846 0
847 0.29
848 0
849 0.1
850 0.15
851 0.08
852 0.09
853 0.27
854 0.26
855 0.55
856 0.08
857 0.27
858 0.11
859 0.06
860 0.2
861 0.08
862 0.22
863 0.14
864 0.07
865 0.05
866 0.16
867 0.13
868 0.54
869 0.07
870 0.19
871 0.07
872 0.23
873 0.16
874 0.53
875 0
876 0.08
877 0.06
878 0.28
879 0.02
880 0.03
881 0.52
882 0.09
883 0
884 0.16
885 0.05
886 0.06
887 0.09
888 0.28
889 0
890 0
891 0.35
892 0.05
893 0.24
894 0.25
895 0.13
896 0.23
897 0.12
898 0.09
899 0.28
900 0.16
901 0.07
902 0.02
903 0.18
904 0.23
905 0.31
906 0.4
907 0.25
908 0.18
909 0.04
910 0.09
911 0.1
912 0.37
913 0.28
914 0
915 0.03
916 0.06
917 0.15
918 0.22
919 0.16
920 0.22
921 0.16
922 0.31
923 0.14
924 0.17
925 0.13
926 0.14
927 0.05
928 0.15
929 0.26
930 0.02
931 0.1
932 0.23
933 0.27
934 0.16
935 0.25
936 0.25
937 0.24
938 0.39
939 0.16
940 0.2
941 0.02
942 0.25
943 0.05
944 0.39
945 0.22
946 0.17
947 0.06
948 0.27
949 0.3
950 0.17
951 0.14
952 0.05
953 0.11
954 0.17
955 0.06
956 0.21
957 0.09
958 0.3
959 0
960 0.39
961 0.08
962 0.21
963 0.25
964 0.51
965 0.07
966 0.06
967 0.04
968 0.18
969 0.15
970 0.01
971 0.25
972 0.07
973 0.07
974 0.02
975 0
976 0.06
977 0.05
978 0.75
979 0.09
980 0.09
981 0.5
982 0.13
983 0.15
984 0.21
985 0.13
986 0.08
987 0.07
988 0.07
989 0.29
990 0.15
991 0.17
992 0.09
993 0.1
994 0.25
995 0
996 0.11
997 0.05
998 0.01
999 0.43
1000 0.12
1001 0
1002 0.03
1003 0.29
1004 0.2
1005 0.22
1006 0.13
1007 0.48
1008 0.29
1009 0.32
1010 0.39
1011 0.04
1012 0.1
1013 0.19
1014 0.27
1015 0.22
1016 0.27
1017 0.07
1018 0.07
1019 0.13
1020 0.05
1021 0.08
1022 0.05
1023 0.11
1024 0.31
1025 0.01
1026 0.03
1027 0.21
1028 0.22
1029 0.33
1030 0.51
1031 0.22
1032 0.07
1033 0.16
1034 0.03
1035 0.26
1036 0.16
1037 0.28
1038 0.17
1039 0.07
1040 0
1041 0.01
1042 0.24
1043 0.23
1044 0.03
1045 0.56
1046 0
1047 0.23
1048 0.39
1049 0.06
1050 0.67
1051 0.19
1052 0.13
1053 0
1054 0.2
1055 0.19
1056 0.22
1057 0.14
1058 0.13
1059 0.16
1060 0.28
1061 0.3
1062 0.14
1063 0.05
1064 0.44
1065 0.07
1066 0.28
1067 0.2
1068 0.13
1069 0.1
1070 0.89
1071 0.44
1072 0.01
1073 0.23
1074 0.19
1075 0.24
1076 0.17
1077 0.06
1078 0.08
1079 0.15
1080 0.34
1081 0.05
1082 0.21
1083 0
1084 0.09
1085 0.29
1086 0.18
1087 0.28
1088 0.04
1089 0.2
1090 0.34
1091 0.03
1092 0.08
1093 0.04
1094 0
1095 0
1096 0.07
1097 0.09
1098 0
1099 0.02
1100 0.3
1101 0.12
1102 0.08
1103 0.01
1104 0.14
1105 0.02
1106 0.2
1107 0.2
1108 0.2
1109 0.4
1110 0.29
1111 0.35
1112 0
1113 0.08
1114 0
1115 0.18
1116 0.04
1117 0.29
1118 0.17
1119 0.02
1120 0.1
1121 0.18
1122 0
1123 0.05
1124 0
1125 0
1126 0.21
1127 0.24
1128 0.05
1129 0.23
1130 0.54
1131 0.06
1132 0.2
1133 0.09
1134 0.04
1135 0.02
1136 0.06
1137 0.28
1138 0.29
1139 0.3
1140 0.08
1141 0.58
1142 0.21
1143 0.39
1144 0.6
1145 0.05
1146 0.67
1147 0.51
1148 0.17
1149 0
1150 0.1
1151 0.13
1152 0.36
1153 0.34
1154 0.16
1155 0.68
1156 0.37
1157 0.11
1158 0.14
1159 0.13
1160 0.18
1161 0
1162 0.06
1163 0.03
1164 0.06
1165 0.28
1166 0.14
1167 0.25
1168 0.26
1169 0.08
1170 0.12
1171 0.16
1172 0.06
1173 0.03
1174 0.19
1175 0
1176 0.16
1177 0.06
1178 0.34
1179 0.17
1180 0.02
1181 0.1
1182 0.11
1183 0
1184 0.25
1185 0.02
1186 0.28
1187 0.18
1188 0.1
1189 0.07
1190 0.1
1191 0.11
1192 0.18
1193 0
1194 0.16
1195 0.01
1196 0.21
1197 0.08
1198 0.31
1199 0
1200 0.23
1201 0.63
1202 0.28
1203 0.33
1204 0.24
1205 0
1206 0
1207 0.04
1208 0.14
1209 0.14
1210 0.19
1211 0.18
1212 0.21
1213 0.08
1214 0
1215 0.03
1216 0.25
1217 0.15
1218 0.09
1219 0.17
1220 0.01
1221 0.12
1222 0.13
1223 0.1
1224 0.09
1225 0.14
1226 0.11
1227 0.08
1228 0.05
1229 0.12
1230 0.16
1231 0.25
1232 0.28
1233 0.06
1234 0.2
1235 0.15
1236 0.05
1237 0.01
1238 0.57
1239 0.06
1240 0.35
1241 0.12
1242 0.16
1243 0.14
1244 0.07
1245 0.08
1246 0.28
1247 0.04
1248 0.27
1249 0.51
1250 0.22
1251 0.1
1252 0.1
1253 0.02
1254 0.15
1255 0.61
1256 0.45
1257 0.09
1258 0.15
1259 0.1
1260 0.3
1261 0.03
1262 0.08
1263 0.09
1264 0.42
1265 0.04
1266 0.2
1267 0.03
1268 0
1269 0.41
1270 0.05
1271 0.22
1272 0.05
1273 0.05
1274 0.07
1275 0.2
1276 0.01
1277 0.31
1278 0.02
1279 0.04
1280 0.25
1281 0.08
1282 0
1283 0.51
1284 0.05
1285 0
1286 0.01
1287 0.55
1288 0.12
1289 0.05
1290 0.19
1291 0.07
1292 0.55
1293 0.37
1294 0.26
1295 0.19
1296 0.08
1297 0.22
1298 0.13
1299 0
1300 0.06
1301 0.2
1302 0.25
1303 0.04
1304 0.08
1305 0.4
1306 0.47
1307 0
1308 0.07
1309 0.13
1310 0.16
1311 0.05
1312 0.18
1313 0.05
1314 0.06
1315 0.25
1316 0.08
1317 0.13
1318 0.11
1319 0.17
1320 0.13
1321 0.22
1322 0.12
1323 0.36
1324 0.07
1325 0.11
1326 0.8
1327 0.07
1328 0.39
1329 0.17
1330 0.26
1331 0.14
1332 0.14
1333 0.36
1334 0.13
1335 0.2
1336 0.19
1337 0.11
1338 0.28
1339 0.67
1340 0.02
1341 0.09
1342 0.12
1343 0.07
1344 0.06
1345 0.14
1346 0.13
1347 0.1
1348 0.04
1349 0.2
1350 0.03
1351 0.28
1352 0.14
1353 0.29
1354 0.14
1355 0.05
1356 0.01
1357 0.29
1358 0.16
1359 0.05
1360 0.26
1361 0.35
1362 0.11
1363 0.19
1364 0.13
1365 0.28
1366 0.31
1367 0.03
1368 0.13
1369 0.19
1370 0.05
1371 0.08
1372 0.18
1373 0.21
1374 0.06
1375 0.03
1376 0.12
1377 0.34
1378 0.24
1379 0.56
1380 0.33
1381 0.45
1382 0.15
1383 0.01
1384 0.07
1385 0.15
1386 0
1387 0.18
1388 0.07
1389 0.09
1390 0.18
1392 0.19
1393 0.08
1394 0.05
1395 0.05
1396 0.03
1397 0.15
1398 0.03
1399 0
1400 0.02
1401 0.27
1402 0.11
1403 0.12
1404 0.23
1405 0.11
1406 0.26
1407 0.18
1408 0.22
1409 0.1
1410 0
1411 0.06
1412 0.24
1413 0.2
1414 0.05
1415 0.25
1416 0.16
1417 0.23
1418 0.23
1419 0.15
1420 0.12
1421 0.27
1422 0.12
1423 0.01
1424 0.11
1425 0.17
1426 0
1427 0.19
1428 0.26
1429 0.31
1430 0.02
1431 0.26
1432 0.11
1433 0.15
1434 0.15
1435 0.44
1436 0.04
1437 0.15
1438 0.08
1439 0.3
1440 0.03
1442 0.15
1443 0.09
1444 0.23
1445 0.33
1446 0.11
1447 0
1448 0.17
1449 0.05
1450 0.04
1451 0.31
1452 0.23
1453 0.04
1454 0.04
1455 0.12
1456 0.24
1457 0.05
1458 0.01
1459 0.15
1460 0.39
1461 0.21
1462 0.1
1463 0.13
1464 0.22
1465 0.38
1466 0.02
1467 0.23
1468 0.07
1469 0.08
1470 0
1471 0.31
1472 0.11
1473 0.11
1474 0.29
1475 0.44
1476 0.05
1477 0.02
1478 0.33
1479 0.16
1480 0
1481 0.42
1482 0.18
1483 0.15
1484 0
1485 0.1
1486 0.09
1487 0.14
1488 0.09
1489 0.07
1490 0.12
1491 0.06
1492 0.33
1493 0.08
1494 0.06
1495 0.26
1496 0
1497 0.09
1498 0.12
1499 0.08
1500 0.12
1501 0.12
1502 0.25
1503 0.31
1504 0.17
1505 0.14
1506 0
1507 0.25
1508 0.22
1509 0.21
1510 0
1511 0.12
1512 0.12
1513 0.29
1514 0.01
1515 0.36
1516 0.33
1517 0
1518 0.06
1519 0
1520 0.09
1521 0.16
1522 0.23
1523 0.1
1524 0.01
1525 0.12
1526 0.15
1527 0.04
1528 0.33
1529 0
1530 0.17
1531 0.16
1532 0.21
1533 0.19
1534 0.12
1535 0.12
1536 0.24
1537 0.26
1538 0.16
1539 0
1540 0.2
1541 0.12
1542 0
1543 0.16
1544 0.02
1545 0.19
1546 0.23
1547 0.15
1548 0.1
1549 0.03
1550 0.11
1551 0.17
1552 0.07
1553 0.05
1554 0.18
1555 0.32
1556 0.58
1557 0.07
1558 0.08
1559 0
1560 0.2
1561 0.09
1562 0.27
1563 0.03
1564 0.04
1565 0.08
1566 0.28
1567 0.06
1568 0.05
1569 0.1
1570 0.06
1571 0.12
1572 0.21
1573 0.16
1574 0.42
1575 0.23
1576 0.05
1577 0.12
1578 0.02
1579 0.12
1580 0.16
1581 0
1582 0.16
1583 0.01
1584 0.4
1585 0.04
1586 0.13
1587 0
1588 0.26
1589 0.14
1590 0.13
1591 0.16
1592 0
1593 0.31
1594 0.15
1595 0.25
1596 0.28
1597 0.2
1598 0.53
1599 0.22
1600 0.06
1601 0.2
1602 0.08
1603 0.24
1604 0.14
1605 0.17
1606 0.09
1607 0.15
1608 0.06
1609 0.26
1610 0.15
1611 0.13
1612 0.18
1613 0.06
1614 0.27
1615 0.07
1616 0.14
1617 0.06
1618 0.25
1619 0.47
1620 0
1621 0.03
1622 0
1623 0
1624 0.18
1625 0.17
1626 0.1
1627 0.29
1628 0.11
1629 0.3
1630 0.14
1631 0.18
1632 0.09
1633 0.12
1634 0.31
1635 0.14
1636 0.17
1637 0.24
1638 0.14
1639 0.03
1640 0.11
1641 0.27
1642 0.17
1643 0.14
1644 0.2
1645 0.28
1646 0.31
1647 0.14
1648 0.09
1649 0.22
1650 0
1651 0.05
1652 0
1653 0.64
1654 0
1655 0.09
1656 0.5
1657 0.01
1658 0.36
1659 0.05
1660 0.08
1661 0.05
1662 0.35
1663 0.13
1664 0.03
1665 0.28
1666 0.23
1667 0
1668 0.11
1669 0.07
1670 0.08
1671 0.03
1672 0.09
1673 0.15
1674 0.13
1675 0
1676 0.26
1677 0.01
1678 0
1679 0.06
1680 0.22
1681 0.15
1682 0.05
1683 0.14
1684 0.66
1685 0.04
1686 0.05
1687 0
1688 0.21
1689 0.02
1690 0.19
1691 0
1692 0.21
1693 0.29
1694 0.06
1695 0.19
1696 0
1697 0.24
1698 0.56
1699 0.04
1700 0.16
1701 0.16
1702 0.23
1703 0.06
1704 0.14
1705 0.25
1706 0.19
1707 0.22
1708 0.31
1709 0.04
1710 0.2
1711 0.11
1712 0.21
1713 0.25
1714 0.11
1715 0.31
1716 0.26
1717 0.17
1718 0.34
1719 0.01
1720 0.19
1721 0.27
1722 0.22
1723 0
1724 0.12
1725 0.16
1726 0.23
1727 0.05
1728 0.14
1729 0.11
1730 0
1731 0
1732 0.43
1733 0.22
1734 0.08
1735 0.16
1736 0.02
1737 0
1738 0.21
1739 0.32
1740 0.4
1741 0.04
1742 0.07
1743 0.09
1744 0.19
1745 0.4
1746 0.19
1747 0.24
1748 0.37
1749 0.25
1750 0.07
1751 0.04
1752 0
1753 0.23
1754 0.13
1755 0
1756 0.21
1757 0.08
1758 0.37
1759 0.18
1760 0.04
1761 0.31
1762 0.08
1763 0.21
1764 0.11
1765 0.08
1766 0.16
1767 0.09
1768 0.03
1769 0.26
1770 0.04
1771 0.25
1772 0.26
1773 0.15
1774 0.15
1775 0
1776 0
1777 0.2
1778 0.26
1779 0.19
1780 0.33
1781 0.13
1782 0.16
1783 0.13
1784 0.2
1785 0.02
1786 0.11
1787 0.08
1788 0.09
1789 0.17
1790 0.08
1791 0.1
1792 0.25
1793 0
1794 0.18
1795 0.03
1796 0.37
1797 0.4
1798 0.43
1799 0.03
1800 0.03
1801 0.03
1802 0.1
1803 0.13
1804 0.57
1805 0.23
1806 0.09
1807 0.31
1808 0
1809 0.29
1810 0.01
1811 0.45
1812 0.22
1813 0.09
1814 0.07
1815 0.27
1816 0.16
1817 0
1818 0.12
1819 0.1
1820 0.3
1821 0.23
1822 0.14
1823 0.08
1824 0.2
1825 0
1826 0.03
1827 0.2
1828 0.11
1829 0.07
1830 0.14
1831 0.07
1832 0
1833 0.09
1834 0.11
1835 0.11
1836 0.16
1837 0.12
1838 0.09
1839 0.28
1840 0.08
1841 0.04
1842 0.06
1843 0.06
1844 0.06
1845 0.08
1846 0.28
1847 0.24
1848 0.14
1849 0.08
1850 0.13
1851 0.1
1852 0.45
1853 0.18
1854 0.42
1855 0.76
1856 0.43
1857 0.02
1858 0.15
1859 0.32
1860 0.06
1861 0
1862 0.35
1863 0.32
1864 0.18
1865 0
1866 0.21
1867 0.32
1868 0.22
1869 0.1
1870 0.04
1871 0.46
1872 0.12
1873 0.16
1874 0.13
1875 0.14
1876 0.1
1877 0.04
1878 0.38
1879 0.13
1880 0
1881 0.07
1882 0.06
1883 0.7
1884 0.45
1885 0.21
1886 0.07
1887 0.04
1888 0.09
1889 0.08
1890 0.02
1891 0.13
1892 0.06
1893 0.11
1894 0.38
1895 0.14
1896 0.21
1897 0.08
1898 0.03
1899 0.16
1900 0.03
1901 0.26
1902 0
1903 0.19
1904 0.09
1905 0.12
1906 0.01
1907 0.39
1908 0.04
1909 0.2
1910 0.03
1911 0.12
1912 0.11
1913 0.19
1914 0.07
1915 0.2
1916 0.13
1917 0
1918 0.25
1919 0.21
1920 0.26
1921 0.14
1922 0.09
1923 0.1
1924 0.33
1925 0.09
1926 0.31
1927 0.23
1928 0.12
1929 0.49
1930 0.04
1931 0.14
1932 0.28
1933 0
1934 0.09
1935 0.34
1936 0.05
1937 0.28
1938 0.09
1939 0.23
1940 0.05
1941 0.06
1942 0.42
1943 0
1944 0.14
1945 0.18
1946 0.12
1947 0.3
1948 0.34
1949 0.04
1950 0.32
1951 0.14
1952 0.28
1953 0.02
1954 0.26
1955 0.11
1956 0
1957 0.36
1958 0.35
1959 0.08
1960 0.22
1961 0.39
1962 0.2
1963 0.38
1964 0.29
1965 0.01
1966 0.12
1967 0.12
1968 0.02
1969 0.29
1970 0.18
1971 0.03
1972 0.28
1973 0.06
1974 0.5
1975 0.09
1976 0
1977 0.15
1978 0.01
1979 0.45
1980 0.06
1981 0.08
1982 0.17
1983 0.03
1984 0.19
1985 0.06
1986 0.37
1987 0.12
1988 0.02
1989 0.03
1990 0.25
1991 0.49
1992 0.04
1993 0.29
1994 0.06
1995 0.33
1996 0.03
1997 0.27
1998 0.33
1999 0.16
2000 0.46
2001 0.07
2002 0.58
2003 0.06
2004 0.16
2005 0.62
2006 0.57
2007 0.14
2008 0.23
2009 0.02
2010 0.84
2011 0.56
2012 0.29
2013 0
2014 0.13
2015 0.33
2016 0.33
2017 0.12
2018 0.16
2019 0.06
2020 0.17
2021 0.14
2022 0.11
2023 0.11
2024 0.11
2025 0.09
2026 0.03
2027 0.1
2028 0.36
2029 0.05
2030 0.28
2031 0
2032 0.22
2033 0
2034 0.22
2035 0
2036 0.23
2037 0.29
2038 0.04
2039 0.14
2040 0.09
2041 0.2
2042 0.12
2043 0.15
2044 0.02
2045 0.11
2046 0.24
2047 0.16
2048 0
2049 0.01
2050 0.45
2051 0.44
2052 0.1
2053 0.14
2054 0
2055 0.09
2056 0.16
2057 0
2058 0.02
2059 0.34
2060 0.17
2061 0
2062 0.1
2063 0.12
2064 0.09
2065 0.01
2066 0.03
2067 0.03
2068 0.11
2069 0.13
2070 0.12
2071 0.08
2072 0.39
2073 0.19
2074 0.18
2075 0.1
2076 0.24
2077 0.55
2078 0.02
2079 0.17
2080 0.12
2081 0.1
2082 0.04
2083 0.04
2084 0.18
2085 0.11
2086 0.13
2087 0
2088 0
2089 0.17
2090 0.04
2091 0.18
2092 0.19
2093 0.07
2094 0.44
2095 0.03
2096 0.06
2097 0
2098 0.34
2099 0.18
2100 0.11
2101 0.09
2102 0
2103 0.12
2104 0.07
2105 0.25
2106 0.27
2107 0.14
2108 0.14
2109 0
2110 0.26
2111 0.25
2112 0.05
2113 0.09
2114 0.11
2115 0.07
2116 0.11
2117 0.16
2118 0.17
2119 0.05
2120 0.24
2121 0.01
2122 0.04
2123 0.34
2124 0.22
2125 0.18
2126 0.25
2127 0.01
2128 0.04
2129 0.01
2130 0.31
2131 0.04
2132 0.18
2133 0.19
2134 0.06
2135 0.32
2136 0.29
2137 0.18
2138 0
2139 0.2
2140 0.13
2141 0.17
2142 0.34
2143 0.03
2144 0.19
2145 0.21
2146 0.04
2147 0.24
2148 0.25
2149 0.15
2150 0.09
2151 0.14
2152 0.4
2153 0.16
2154 0.21
2155 0.22
2156 0.22
2157 0.54
2158 0.29
2159 0.08
2160 0.37
2161 0.03
2162 0.11
2163 0.02
2164 0.06
2165 0.04
2166 0.07
2167 0.37
2168 0.06
2169 0.36
2170 0.03
2171 0.04
2172 0.13
2173 0.28
2174 0.22
2175 0.44
2176 0.05
2177 0.04
2178 0.09
2179 0.21
2180 0.19
2181 0.33
2182 0.04
2183 0.34
2184 0.09
2185 0.09
2186 0.25
2187 0.27
2188 0.19
2189 0.07
2190 0.19
2191 0.05
2192 0.25
2193 0.13
2194 0.42
2195 0.29
2196 0.3
2197 0.04
2198 0.13
2199 0.13
2200 0.08
2201 0.52
2202 0.15
2203 0.02
2204 0.21
2205 0.12
2206 0.16
2207 0.15
2208 0.1
2209 0.43
2210 0.14
2211 0.31
2212 0.31
2213 0.02
2214 0.03
2215 0.24
2216 0.06
2217 0.13
2218 0.2
2219 0.1
2220 0.14
2221 0.17
2222 0.15
2223 0.19
2224 0.07
2225 0.18
2226 0.1
2227 0.16
2228 0.12
2229 0.06
2230 0.02
2231 0.19
2232 0.19
2233 0.11
2234 0.19
2235 0.26
2236 0.04
2237 0.08
2238 0.09
2239 0.32
2240 0.11
2241 0.15
2242 0.19
2243 0.08
2244 0.31
2245 0.45
2246 0.15
2247 0.21
2248 0.01
2249 0.47
2250 0.12
2251 0.12
2252 0
2253 0.08
2254 0
2255 0.8
2256 0.16
2257 0.14
2258 0.28
2259 0.2
2260 0.16
2261 0.17
2262 0.27
2263 0.13
2264 0.15
2265 0.04
2266 0.48
2267 0.12
2268 0.03
2269 0.13
2270 0.11
2271 0.01
2272 0.26
2273 0.02
2274 0.2
2275 0.11
2276 0.4
2277 0.08
2278 0.02
2279 0.21
2280 0
2281 0.21
2282 0.17
2283 0.28
2284 0.19
2285 0.15
2286 0.15
2287 0.13
2288 0.04
2289 0.05
2290 0.33
2291 0.39
2292 0.57
2293 0
2294 0.53
2295 0.14
2296 0.3
2297 0
2298 0.11
2299 0.15
2300 0.23
2301 0.1
2302 0.17
2303 0.08
2304 0.35
2305 0.32
2306 0.31
2307 0.12
2308 0.21
2309 0.13
2310 0.27
2311 0.14
2312 0.29
2313 0.34
2314 0.07
2315 0.08
2316 0.08
2317 0.05
2318 0.29
2319 0.1
2320 0.06
2321 0.06
2322 0.38
2323 0.19
2324 0.23
2325 0.14
2326 0.18
2327 0.25
2328 0.49
2329 0.24
2330 0.02
2331 0.39
2332 0.17
2333 0.11
2334 0.21
2335 0.12
2336 0
2337 0.1
2338 0.18
2339 0.01
2340 0.04
2341 0.18
2342 0.05
2343 0.02
2344 0.03
2345 0.14
2346 0.1
2347 0.07
2348 0.14
2349 0.3
2350 0.02
2351 0.18
2352 0.02
2353 0.23
2354 0.16
2355 0
2356 0.03
2357 0.44
2358 0.01
2359 0.03
2360 0.32
2361 0.16
2362 0.1
2363 0.29
2364 0.1
2365 0.27
2366 0.27
2367 0.11
2368 0.16
2369 0.01
2370 0.35
2371 0.08
2372 0.13
2373 0.26
2374 0.22
2375 0.25
2376 0
2377 0.13
2378 0.17
2379 0.13
2380 0.12
2381 0.18
2382 0.14
2383 0.05
2384 0.04
2385 0.16
2386 0.08
2387 0
2388 0
2389 0.02
2390 0.03
2391 0.05
2392 0.07
2393 0.24
2394 0.07
2395 0.29
2396 0
2397 0.12
2398 0.13
2399 0.14
2400 0.05
2401 0.14
2402 0.1
2403 0.06
2404 0
2405 0.11
2406 0.03
2407 0.2
2408 0.16
2409 0.39
2410 0.04
2411 0
2412 0.46
2413 0.09
2414 0.36
2415 0.32
2416 0.04
2417 0.05
2418 0
2419 0.15
2420 0.11
2421 0.12
2422 0.11
2423 0.22
2424 0.16
2425 0.25
2426 0.09
2427 0.24
2428 0.4
2429 0.35
2430 0.07
2431 0.5
2432 0.12
2433 0.01
2434 0.01
2435 0.08
2436 0.4
2437 0.14
2438 0.1
2439 0.06
2440 0.28
2441 0.22
2442 0.19
2443 0.17
2444 0
2445 0.45
2446 0.07
2447 0.07
2448 0.19
2449 0.17
2450 0.25
2451 0.26
2452 0
2453 1
2454 0.15
2455 0.04
2456 0.07
2457 0.34
2458 0.15
2459 0.7
2461 0.2
2462 0.06
2463 0.13
2464 0.54
2465 0.25
2466 0.37
2467 0.06
2468 0.51
2469 0.68
2470 0.13
2471 0.25
2472 0
2473 0.19
2474 0.44
2475 0.1
2476 0.27
2477 0.16
2478 0.05
2479 0
2480 0.22
2481 0.45
2482 0.03
2483 0.02
2484 0.32
2485 0.26
2486 0.04
2487 0.13
2488 0.28
2489 0.09
2490 0.04
2491 0.27
2492 0
2493 0.12
2494 0.15
2495 0.1
2496 0.22
2497 0.18
2498 0.24
2499 0.02
2500 0.19
2501 0.14
2502 0.09
2503 0.12
2504 0.13
2505 0.15
2506 0.22
2507 0.1
2508 0.12
2509 0.59
2510 0.14
2511 0.36
2512 0
2513 0.11
2514 0.26
2515 0.1
2516 0.32
2517 0.15
2518 0.17
2519 0.07
2520 0.78
2521 0.18
2522 0.24
2523 0.52
2524 0.23
2525 0.2
2526 0.02
2527 0.03
2528 0.16
2529 0.02
2530 0.15
2531 0.06
2532 0
2533 0.16
2534 0.36
2535 0.33
2536 0.11
2537 0.26
2538 0.1
2539 0.05
2540 0
2541 0.35
2542 0.13
2543 0.04
2544 0.08
2545 0.49
2546 0.08
2547 0.6
2548 0.12
2549 0.06
2550 0.12
2551 0.02
2552 0.18
2553 0.37
2554 0.17
2555 0.25
2556 0.1
2557 0.16
2558 0.2
2559 0.18
2561 0.2
2562 0.29
2563 0.08
2564 0.08
2565 0.03
2566 0.13
2567 0.18
2568 0.1
2569 0.22
2570 0.03
2571 0.32
2572 0.02
2573 0.05
2574 0.22
2575 0.18
2576 0
2577 0.03
2578 0.13
2579 0.01
2580 0.29
2581 0
2582 0.17
2583 0.65
2584 0.02
2585 0.04
2586 0.03
2587 0.02
2588 0.14
2589 0.27
2590 0.06
2591 0.11
2592 0.03
2593 0.4
2594 0.42
2595 0.12
2596 0.14
2597 0.03
2598 0.28
2599 0.24
2600 0.28
2601 0.05
2602 0.05
2603 0
2604 0.1
2605 0.1
2606 0.01
2607 0.07
2608 0.08
2609 0
2610 0.18
2611 0.03
2612 0.16
2613 0.12
2614 0.31
2615 0.06
2616 0.1
2617 0.19
2618 0
2619 0.21
2620 0.34
2621 0.09
2622 0.39
2623 0.2
2624 0.18
2625 0.24
2626 0.15
2627 0.03
2628 0.07
2629 0.37
2630 0.37
2631 0.14
2632 0.21
2633 0.21
2634 0
2635 0.17
2636 0.07
2637 0.17
2638 0.24
2639 0.5
2640 0.12
2641 0.28
2642 0.16
2643 0.08
2644 0.11
2645 0.33
2646 0.17
2647 0.28
2648 0.18
2649 0.05
2650 0.46
2651 0.03
2652 0.03
2653 0.07
2654 0.02
2655 0.14
2656 0.16
2657 0.06
2658 0.15
2659 0
2660 0.15
2661 0.08
2662 0.18
2663 0.1
2664 0.1
2665 0.06
2666 0.39
2667 0.24
2668 0.16
2670 0.15
2671 0
2672 0.07
2673 0.38
2674 0.18
2675 0.21
2676 0.13
2677 0.05
2678 0.15
2679 0.12
2680 0.12
2681 0.05
2682 0.05
2683 0.2
2684 0
2685 0.09
2686 0
2687 0.24
2688 0.02
2689 0.14
2690 0.06
2691 0.07
2692 0.15
2693 0.12
2694 0
2695 0.13
2696 0.2
2697 0.04
2698 0.2
2699 0
2700 0.14
2701 0.1
2702 0.19
2703 0.03
2704 0.4
2705 0.13
2706 0.12
2707 0.07
2708 0.22
2709 0.12
2710 0.13
2711 0.2
2712 0.08
2713 0.26
2714 0.03
2715 0.19
2716 0
2717 0.28
2718 0
2719 0.11
2720 0.08
2721 0.24
2722 0.12
2723 0.1
2724 0.31
2725 0.23
2726 0.06
2727 0.02
2728 0.12
2729 0.16
2730 0.04
2731 0.24
2732 0.04
2733 0
2734 0.32
2735 0.49
2736 0.14
2737 0.01
2738 0.67
2739 0.06
2740 0.07
2741 0.01
2742 0.09
2743 0.08
2744 0.1
2745 0.14
2746 0.04
2747 0.17
2748 0.2
2749 0.15
2750 0.28
2751 0.26
2752 0.24
2753 0.1
2754 0.25
2755 0.47
2756 0.14
2757 0.28
2758 0.18
2759 0.28
2760 0.02
2761 0.3
2762 0.11
2763 0.03
2764 0.16
2765 0.08
2766 0.39
2767 0.05
2768 0.91
2769 0.17
2770 0.21
2771 0.21
2772 0.03
2773 0.03
2774 0.71
2775 0.17
2776 0.11
2777 0.13
2778 0.38
2779 0
2780 0.03
2781 0.04
2782 0.11
2783 0.05
2784 0.14
2785 0.12
2786 0.2
2787 0.2
2788 0.06
2789 0.43
2790 0.06
2791 0
2792 0.26
2793 0.02
2794 0.18
2795 0.03
2796 0.16
2797 0.15
2798 0
2799 0.04
2800 0.14
2801 0
2802 0.11
2803 0.12
2804 0.06
2805 0.15
2806 0.14
2807 0.18
2808 0.37
2809 0.06
2810 0.5
2811 0
2812 0.07
2813 0.09
2814 0.46
2815 0.07
2816 0.02
2817 0.21
2818 0.3
2819 0.38
2820 0
2821 0.97
2822 0.32
2823 0.08
2824 0.15
2825 0.33
2826 0.42
2827 0.24
2828 0.1
2829 0.18
2830 0.41
2831 0.4
2832 0.29
2833 0.2
2834 0.37
2835 0.22
2836 0.09
2837 0.09
2838 0.08
2839 0.21
2840 0.03
2841 0.67
2842 0
2843 0.24
2844 0
2845 0.05
2846 0.38
2847 0.2
2848 0.4
2849 0.11
2850 0.14
2851 0.55
2852 0.29
2853 0.49
2854 0.23
2855 0.2
2856 0.13
2857 0.21
2858 0.12
2859 0.15
2860 0.23
2861 0.16
2862 0.11
2863 0.15
2864 0.03
2865 0.2
2866 0.15
2867 0.26
2868 0.1
2869 0.09
2870 0.31
2871 0.32
2872 0.6
2873 0.13
2874 0.14
2875 0.18
2876 0.01
2877 0.29
2878 0.37
2879 0.02
2880 0.16
2881 0.04
2882 0.06
2883 0.06
2884 0.1
2885 0.15
2886 0
2887 0.04
2888 0.22
2889 0.01
2890 0.38
2891 0.18
2892 0.06
2893 0.25
2894 0.08
2895 0.15
2896 0.46
2897 0.11
2898 0.36
2899 0.03
2900 0.29
2901 0
2902 0.1
2903 0.12
2904 0.03
2905 0.51
2906 0.25
2907 0.21
2908 0.34
2909 0.01
2910 0.04
2911 0.08
2912 0.56
2913 0.02
2914 0.09
2915 0.07
2916 0.17
2917 0.19
2918 0.44
2919 0.42
2920 0.26
2921 0.02
2922 0.06
2923 0.16
2924 0.11
2925 0.05
2926 0.09
2927 0.19
2928 0.39
2929 0.09
2930 0.26
2931 0.36
2932 0
2933 0.06
2934 0.35
2935 0.08
2936 0.09
2937 0.41
2938 0.13
2939 0.2
2940 0.12
2941 0.51
2942 0.04
2943 0.13
2944 0.02
2945 0.19
2946 0.06
2947 0.04
2948 0.39
2949 0.12
2950 0.14
2951 0.14
2952 0.21
2953 0.02
2954 0
2955 0.34
2956 0.35
2957 0.65
2958 0.05
2959 0.08
2960 0.28
2961 0.13
2962 0
2963 0.18
2964 0.1
2965 0.18
2966 0.13
2967 0.06
2968 0.04
2969 0.34
2970 0.08
2971 0.09
2972 0.17
2973 0.18
2974 0.23
2975 0.03
2976 0.06
2977 0.15
2978 0.31
2979 0.05
2980 0.38
2981 0.06
2982 0.12
2983 0.23
2984 0.34
2985 0.12
2986 0.05
2987 0
2988 0.39
2989 0.17
2990 0.15
2991 0.21
2992 0.09
2993 0
2994 0
2995 0.12
2996 0.08
2997 0.3
2998 0.13
2999 0.18
